

% SOSI

volt.sosi.RCR.FS = [-2.0967 -3.8552  0.2780 -3.1306 -3.9418 -1.4288 -5.4773 -1.8390  0.1859 -6.1592 -4.2967 -6.8965 -3.6632 -0.3500 -3.6431 -5.2454 -2.6920  2.1320 -4.7472 -5.2297 -2.8625  0.5506 -0.5511 -4.7820 -1.9545 -6.8076 -8.5398 -0.8121 -2.9559 -7.7213];
volt.sosi.RHSC.FS = [-1.8586 -3.9610  1.5776 -2.0099 -3.5015 -0.5671 -4.9660 -0.7308  0.9708 -4.0975 -2.5098 -5.7959 -1.6103  1.6809 -2.5177 -3.5936 -1.1317  3.5929 -2.5763 -5.2777 -0.2098  0.4877  1.6143 -3.3757 -2.3006 -5.1245 -7.8329  0.3209 -2.7091 -6.4133];
volt.sosi.RHSI.FS = [-2.1722 -4.0760  2.3633 -2.4579 -4.8204  0.4342 -4.8582 -2.0847 -1.6530 -4.0514 -3.4606 -5.7041 -3.0563  0.4130 -4.1497 -3.8431 -2.1402  1.5856 -4.8478 -6.2604 -2.5481  0.2427  2.5469 -2.8635 -2.3399 -5.3022 -8.9823 -0.3249 -4.0458 -7.5102];

volt.sosi.RCR.LAS = [-3.6343 -4.9876  0.5313 -1.3635 -1.6718 -0.8996 -4.5494 -0.9361 -0.4074 -4.1059 -5.2698 -6.5684 -3.1130  0.5545 -3.0541 -4.4020 -1.9895  0.6449 -3.9992 -3.5721 -3.4103  0.6435 -0.9608 -4.9836 -0.7034 -6.9694 -7.0104 -0.7275 -2.5144 -7.1506];
volt.sosi.RHSC.LAS = [-3.6429 -5.2683  1.6674 -0.1701 -1.8575 -0.2446 -4.5573  0.0842 -0.5038 -2.8244 -3.6307 -4.8766 -1.3853  2.0416 -1.9544 -2.9401 -1.3059  1.8283 -1.2919 -3.8417 -0.2401 -0.4465  1.2029 -3.7441 -0.8174 -5.8618 -6.2737  0.3427 -1.7567 -5.9320];
volt.sosi.RHSI.LAS = [-3.9067 -5.5388  3.1181 -0.3870 -2.4034  0.2772 -4.3981 -1.6188 -3.2428 -3.6879 -4.0634 -4.9036 -2.9848  0.8786 -2.9823 -2.6717 -2.3664  0.0713 -4.6378 -5.0076 -2.7900 -0.2780  1.8273 -2.8185 -1.2569 -5.7553 -7.1238 -0.2628 -3.0962 -7.9065];

volt.sosi.RCR.RAS = [-1.5316 -2.7553 -1.0681 -4.6711 -5.1588 -1.8174 -4.5874 -2.2206  0.3705 -7.3105 -2.3667 -5.9091 -2.9707 -1.0661 -3.8570 -5.1215 -1.6633  2.6286 -3.2765 -5.4804 -1.5595 -0.0625 -0.2402 -3.8614 -2.3104 -5.5373 -7.8201 -1.9532 -3.4330 -8.1835];
volt.sosi.RHSC.RAS = [-1.6477 -2.4646 -0.0756 -4.3286 -3.6775 -0.9126 -3.9043 -1.2330  1.3822 -5.7476 -1.7558 -5.8615 -1.3068  0.4732 -2.9708 -2.8528 -0.1661  3.9909 -2.3085 -5.4341 -0.2759  0.6845  1.7312 -1.9848 -2.9603 -3.9287 -7.9835 -0.7554 -3.3818 -6.5891];
volt.sosi.RHSI.RAS = [-0.7376 -2.5449  0.9046 -4.4421 -4.8673  0.3592 -3.7991 -1.7546 -0.2275 -4.6733 -2.7591 -5.5627 -3.0013 -0.6326 -4.6172 -4.4857 -0.8014  2.3457 -3.2002 -5.6092 -2.0604  0.4191  2.4630 -1.3916 -2.4760 -4.1783 -7.9587 -1.0994 -4.2752 -7.1604];

volt.sosi.RCR.LPS = [5.8344  1.1240  7.5554  8.6566  8.5816  2.0974  2.5554  2.2148  0.7782  9.5262  2.0923  3.1186  3.5499  3.0801  2.2200  1.5636  0.8872  0.7725  5.7253  1.8833 -0.2981  3.2952  4.2548  3.6496  3.4887  1.6152  4.9915  1.0820  1.4559  2.0023];
volt.sosi.RHSC.LPS = [9.0865  3.2846  7.7397  9.5748  7.0898  1.5327  2.1764  4.4227  3.7799 13.8807  4.0215  3.2167  7.5117  7.1600  3.1100  3.3258  1.7892  1.3158  7.6005  4.2802  1.0361  4.9406  4.7082  7.5131  3.6111  5.3059  6.6378  0.1270  2.3289  3.1684];
volt.sosi.RHSI.LPS = [7.9848  1.1251  6.5587  8.4441  6.6771  1.2723  1.8165  3.0797  2.3192  9.1071  5.1915  0.3536  5.5413  3.7872  1.7552  2.3160  1.1248 -0.3985  3.9858  2.0816 -0.8110  4.0997  3.9381  2.4545  4.2815  4.7160  4.4488  0.5204  2.2861  1.0885];

volt.sosi.RCR.RPS = [6.1935  1.7732  5.9138  8.0010  3.3768  0.4649  0.2004  0.9880  3.1322  5.5834  5.5237  4.8885  1.7173  3.7109  2.1782  1.1966  1.2943  1.7888  6.9754  1.1239  2.2144  3.4816  3.2205  3.7692  1.7887  5.1551  4.7342 -0.6787  3.3575  1.9823];
volt.sosi.RHSC.RPS = [9.3837  3.4628  5.6411  7.9116  3.4154  0.9035  1.5146  2.1896  6.7320  8.3790  7.8571  5.2242  3.7516  6.3837  2.3712  2.9660  2.1784  2.6127  7.1372  2.8614  3.5548  5.4465  4.1379  6.2661  0.9509  8.3370  5.3559 -1.6366  3.6053  3.7904];
volt.sosi.RHSI.RPS = [8.8992  3.0665  4.3277  5.1487  3.7766 -0.0867  0.5299  1.6148  3.3566  5.2393  6.5508  1.8102  2.2773  3.1184  0.8914  1.9934  2.4873  0.8622  5.1467  0.9051  1.6737  5.7387  3.7846  4.8813  1.1686  6.8099  4.5022 -1.8476  4.5669  0.7449];

% SOCO - collapsed across 2 and 6 colors

volt.soco.RCR.FS = [-4.4263 -4.2673 -6.6186 -4.5971 -3.8143 -4.5957 -4.3548 -3.7414 -0.8475 -6.5189 -6.5741 -3.4129 -4.8162 -5.0403  0.2152 -4.7303 -7.2774  1.2787 -1.5048 -5.3335 -2.2161 -2.7852 -1.1357 -2.0568 -4.6755 -4.0821 -3.5454 -1.8357 -5.2976 -7.4624];
volt.soco.RHSC.FS = [-2.9110 -2.9149 -5.5456 -3.2689 -0.9778 -3.9752 -2.7713 -2.7332  0.2843 -5.6769 -5.6243 -2.6081 -3.4443 -3.5205  1.7614 -3.0127 -6.4316  2.0104 -0.3915 -3.6063 -2.2112 -3.2948 -1.0587 -0.6655 -3.2918 -3.3427 -2.7125 -2.8635 -3.9659 -6.4667];
volt.soco.RHSI.FS = [-3.2068 -5.3709 -7.0747 -2.9279 -3.9713 -1.6485 -3.2922 -3.0829 -0.2152 -5.1956 -6.0994 -3.9005 -3.6132 -3.3564  3.0049 -4.6471 -6.6406  2.1379 -0.8339 -2.6294 -1.6958 -2.0932 -2.1832 -0.2426 -3.3735 -2.8939 -2.6085 -1.2968 -5.3664 -5.7779];

volt.soco.RCR.LAS = [-4.4359 -4.1655 -6.2993 -3.8230 -3.0300 -5.6394 -4.3226 -3.7157 -0.1519 -6.4638 -5.8869 -3.2843 -4.1194 -4.2291 -0.5452 -4.5968 -6.9352  1.1979 -0.1700 -4.6333 -1.8058 -3.6170 -1.4559 -2.6691 -4.6998 -4.0381 -3.6790 -1.6964 -4.4041 -7.4604];
volt.soco.RHSC.LAS = [-2.1980 -3.0140 -5.2978 -3.2271 -0.8926 -4.1549 -3.0246 -2.9911 -0.0280 -5.3447 -5.2147 -1.5640 -2.7873 -2.6128  0.7637 -3.1485 -5.7939  1.4899  1.0202 -3.1459 -1.9198 -4.0407 -1.1269 -0.8285 -3.0559 -2.4839 -3.5533 -2.3288 -3.8195 -7.0774];
volt.soco.RHSI.LAS = [-2.2941 -4.5857 -6.6682 -3.0684 -3.8804 -3.0375 -3.7908 -3.0343 -0.0654 -5.4578 -5.2609 -2.3068 -2.4181 -2.3566  2.0692 -3.5805 -6.6544  2.2695  1.4761 -2.6270 -1.5020 -2.7171 -2.8684 -0.1772 -2.9073 -2.4623 -4.1479 -1.2172 -4.6994 -5.7134];

volt.soco.RCR.RAS = [-3.2683 -3.1634 -6.1817 -4.5750 -3.4853 -4.3062 -4.9868 -3.3102 -2.6011 -5.9281 -6.1761 -3.6294 -4.7115 -4.5934 -0.2647 -2.9737 -5.6323  1.1940 -1.7951 -4.9945 -2.6143 -1.4058 -0.3990 -1.3465 -4.3735 -3.3166 -3.3796 -1.5520 -3.8310 -5.4894];
volt.soco.RHSC.RAS = [-2.9455 -2.5359 -5.1129 -3.1449 -1.0485 -3.6446 -3.3463 -2.3662 -1.0588 -5.4484 -5.6652 -3.4596 -3.4131 -4.2676  1.7710 -1.4503 -5.4304  2.1303 -1.3179 -3.2143 -2.6935 -1.9219 -0.6594 -0.7153 -3.0623 -3.3107 -2.7316 -2.9642 -3.5525 -4.2572];
volt.soco.RHSI.RAS = [-2.6473 -4.8319 -6.4007 -2.6204 -3.5545 -2.2085 -3.1485 -2.6378 -1.1201 -4.4697 -6.0656 -4.3144 -4.0242 -3.9972  1.8370 -3.4952 -5.2298  1.7744 -2.3388 -2.0484 -1.9279 -1.1872 -1.6088 -0.0845 -3.4262 -2.7280 -2.2538 -1.5297 -4.3416 -3.9163];

volt.soco.RCR.LPS = [2.3292  3.1496  2.2735  0.6134  6.5524 -1.8759  3.0379  2.8124  1.0913 -0.6665  1.8014 -1.9390  4.3506  1.8640  4.4874  3.8394  4.2173  1.9340  3.9473  1.2643  5.2025  3.3855  1.8822 -0.7907  0.6523  2.7305  4.0701  2.5680  7.2843  3.4942];
volt.soco.RHSC.LPS = [3.5345  2.5549  5.4269  1.1981  5.4972  1.6571  3.6243  3.3002 -0.0261  1.3720  3.5107 -0.6485  5.7275  3.6323  4.5930  4.9151  5.6490  2.4607  4.8145  2.5266  7.4115  2.9644  1.9704 -1.1152  1.1712  2.0772  1.5710  3.1455  7.7597  5.4456];
volt.soco.RHSI.LPS = [3.5835  0.6268  3.1033 -0.4569  6.6642  0.9385  3.3154  1.9844 -0.5433  0.6589  1.9879 -0.6051  4.9629  2.3140  4.1435  4.7042  3.6278  2.5208  6.3592  2.3497  5.6473  2.9868  0.7567 -1.5841  0.9219  2.6947  1.9878  2.4869  8.2765  5.5157];

volt.soco.RCR.RPS = [0.5161  2.2974  0.0630  2.3052  5.3540  0.1067  4.2324  2.1232  2.4620  0.7514  1.3584 -0.9257  4.3063  2.4857  5.0936  3.3943  5.6716  1.5421  3.9601  1.2974  4.5005  4.3178  1.3971 -0.3253  2.4071  2.4970  4.2882  0.7146  2.3048  5.7924];
volt.soco.RHSC.RPS = [0.5476  2.1180  2.6979  2.0726  4.9440  2.0899  4.8951  2.4230  3.0598  1.8572  2.1275 -1.1786  5.2131  2.6355  5.3861  5.4183  5.2102  3.2207  3.3577  1.8260  4.5445  4.1381  0.3213 -1.3986  3.0958  1.9461  3.0467  1.5816  1.7353  6.4500];
volt.soco.RHSI.RPS = [0.8942  0.7133  0.6086  0.5652  4.6588  0.1798  3.4899  1.0253  1.5261  1.7710  0.3986 -1.4599  4.1189  0.8971  5.6317  3.7248  3.6879  2.4155  4.6601  1.9218  3.1553  3.4092  1.1035 -1.1680  2.1753  2.4036  3.4592  0.7305  3.5277  5.7347];

% IV1
exper.name = {'sosi','soco'};
% IV2
